Positive words with best probability in negative reviews
---> nokia
bien: 0.016200294550810016
mejor: 0.007658321060382916
verdad: 0.005891016200294551
bonito: 0.004418262150220913
poder: 0.003829160530191458
---> pantalla
bien: 0.016200294550810016
bueno: 0.010898379970544918
mejor: 0.007658321060382916
horas: 0.006774668630338734
principio: 0.0035346097201767305
---> fotos
bien: 0.016200294550810016
mejor: 0.007658321060382916
horas: 0.006774668630338734
bonito: 0.004418262150220913
principio: 0.0035346097201767305
---> memoria
bien: 0.016200294550810016
mejor: 0.007658321060382916
superior: 0.0014727540500736377
musica: 0.00117820324005891
preparado: 0.0002945508100147275
---> batería
bien: 0.016200294550810016
bueno: 0.010898379970544918
horas: 0.006774668630338734
bonito: 0.004418262150220913
principio: 0.0035346097201767305

Negative words with best probability in negative reviews
---> nokia
mal: 0.007952871870397643
nuevo: 0.005007363770250369
libre: 0.0035346097201767305
problema: 0.003240058910162003
suficiente: 0.002650957290132548
---> pantalla
mal: 0.007952871870397643
nuevo: 0.005007363770250369
pasado: 0.003240058910162003
problema: 0.003240058910162003
peso: 0.003240058910162003
---> fotos
nuevo: 0.005007363770250369
pasado: 0.003240058910162003
problema: 0.003240058910162003
peso: 0.003240058910162003
posible: 0.002061855670103093
---> memoria
suficiente: 0.002650957290132548
pena: 0.0017673048600883653
---> batería
mal: 0.007952871870397643
nuevo: 0.005007363770250369
pasado: 0.003240058910162003
problema: 0.003240058910162003
peso: 0.003240058910162003