Positive words with best probability in positive reviews
---> nokia
bien: 0.016200294550810016
bueno: 0.010898379970544918
mejor: 0.007658321060382916
horas: 0.006774668630338734
verdad: 0.005891016200294551
---> pantalla
bien: 0.016200294550810016
bueno: 0.010898379970544918
horas: 0.006774668630338734
verdad: 0.005891016200294551
buen: 0.005301914580265096
---> fotos
bien: 0.016200294550810016
bueno: 0.010898379970544918
mejor: 0.007658321060382916
buen: 0.005301914580265096
bonito: 0.004418262150220913
---> memoria
bien: 0.016200294550810016
gran: 0.003829160530191458
gusto: 0.003829160530191458
mayor: 0.002650957290132548
forma: 0.00235640648011782
---> batería
bien: 0.016200294550810016
bueno: 0.010898379970544918
horas: 0.006774668630338734
gran: 0.003829160530191458
gusto: 0.003829160530191458
Negative words with best probability in positive reviews
---> nokia
mal: 0.007952871870397643
nuevo: 0.005007363770250369
libre: 0.0035346097201767305
pasado: 0.003240058910162003
igual: 0.003240058910162003
---> pantalla
mal: 0.007952871870397643
libre: 0.0035346097201767305
peso: 0.003240058910162003
duda: 0.0029455081001472753
carga: 0.002650957290132548
---> fotos
mal: 0.007952871870397643
negro: 0.00471281296023564
libre: 0.0035346097201767305
sonido: 0.0029455081001472753
suficiente: 0.002650957290132548
---> memoria
mal: 0.007952871870397643
libre: 0.0035346097201767305
peso: 0.003240058910162003
carga: 0.002650957290132548
sacar: 0.00117820324005891
---> batería
mal: 0.007952871870397643
igual: 0.003240058910162003
peso: 0.003240058910162003
sonido: 0.0029455081001472753
carga: 0.002650957290132548